  0.162687E-04  0.198379E+08  0.198379E+08  0.264166E+08  0.264165E+08
  0.168201E-04  0.198379E+08  0.198379E+08  0.264142E+08  0.264142E+08
  0.173903E-04  0.198379E+08  0.198379E+08  0.264117E+08  0.264116E+08
  0.179797E-04  0.198379E+08  0.198379E+08  0.264090E+08  0.264090E+08
  0.185891E-04  0.198379E+08  0.198379E+08  0.264062E+08  0.264061E+08
  0.192192E-04  0.198379E+08  0.198379E+08  0.264031E+08  0.264030E+08
  0.198706E-04  0.198379E+08  0.198379E+08  0.263998E+08  0.263997E+08
  0.205442E-04  0.198379E+08  0.198379E+08  0.263963E+08  0.263962E+08
  0.212405E-04  0.198379E+08  0.198379E+08  0.263926E+08  0.263925E+08
  0.219605E-04  0.198379E+08  0.198379E+08  0.263886E+08  0.263885E+08
  0.227048E-04  0.198378E+08  0.198378E+08  0.263843E+08  0.263842E+08
  0.234744E-04  0.198378E+08  0.198378E+08  0.263797E+08  0.263796E+08
  0.242701E-04  0.198378E+08  0.198378E+08  0.263748E+08  0.263747E+08
  0.250927E-04  0.198378E+08  0.198378E+08  0.263696E+08  0.263695E+08
  0.259432E-04  0.198378E+08  0.198378E+08  0.263641E+08  0.263639E+08
  0.268226E-04  0.198378E+08  0.198378E+08  0.263581E+08  0.263580E+08
  0.277317E-04  0.198378E+08  0.198378E+08  0.263517E+08  0.263516E+08
  0.286717E-04  0.198378E+08  0.198378E+08  0.263449E+08  0.263448E+08
  0.296435E-04  0.198378E+08  0.198378E+08  0.263376E+08  0.263375E+08
  0.306483E-04  0.198377E+08  0.198377E+08  0.263299E+08  0.263297E+08
  0.316871E-04  0.198377E+08  0.198377E+08  0.263216E+08  0.263214E+08
  0.327612E-04  0.198377E+08  0.198377E+08  0.263127E+08  0.263125E+08
  0.338716E-04  0.198377E+08  0.198377E+08  0.263032E+08  0.263030E+08
  0.350197E-04  0.198377E+08  0.198377E+08  0.262931E+08  0.262928E+08
  0.362067E-04  0.198377E+08  0.198377E+08  0.262822E+08  0.262820E+08
  0.374339E-04  0.198376E+08  0.198376E+08  0.262707E+08  0.262704E+08
  0.387027E-04  0.198376E+08  0.198376E+08  0.262583E+08  0.262580E+08
  0.400146E-04  0.198376E+08  0.198376E+08  0.262451E+08  0.262448E+08
  0.413709E-04  0.198376E+08  0.198376E+08  0.262310E+08  0.262307E+08
  0.427731E-04  0.198375E+08  0.198375E+08  0.262159E+08  0.262155E+08
  0.442229E-04  0.198375E+08  0.198375E+08  0.261998E+08  0.261994E+08
  0.457219E-04  0.198375E+08  0.198375E+08  0.261826E+08  0.261822E+08
  0.472716E-04  0.198374E+08  0.198374E+08  0.261642E+08  0.261638E+08
  0.488739E-04  0.198374E+08  0.198374E+08  0.261445E+08  0.261441E+08
  0.505305E-04  0.198373E+08  0.198373E+08  0.261236E+08  0.261231E+08
  0.522432E-04  0.198373E+08  0.198373E+08  0.261011E+08  0.261006E+08
  0.540140E-04  0.198373E+08  0.198373E+08  0.260772E+08  0.260767E+08
  0.558448E-04  0.198372E+08  0.198372E+08  0.260516E+08  0.260511E+08
  0.577377E-04  0.198372E+08  0.198372E+08  0.260243E+08  0.260237E+08
  0.596947E-04  0.198371E+08  0.198371E+08  0.259952E+08  0.259945E+08
  0.617181E-04  0.198370E+08  0.198370E+08  0.259640E+08  0.259633E+08
  0.638100E-04  0.198370E+08  0.198370E+08  0.259308E+08  0.259300E+08
  0.659729E-04  0.198369E+08  0.198369E+08  0.258953E+08  0.258945E+08
  0.682090E-04  0.198368E+08  0.198368E+08  0.258574E+08  0.258566E+08
  0.705210E-04  0.198368E+08  0.198368E+08  0.258170E+08  0.258161E+08
  0.729113E-04  0.198367E+08  0.198367E+08  0.257738E+08  0.257728E+08
  0.753826E-04  0.198366E+08  0.198366E+08  0.257277E+08  0.257267E+08
  0.779377E-04  0.198365E+08  0.198365E+08  0.256786E+08  0.256775E+08
  0.805794E-04  0.198364E+08  0.198364E+08  0.256261E+08  0.256249E+08
  0.833107E-04  0.198363E+08  0.198363E+08  0.255702E+08  0.255689E+08
  0.861345E-04  0.198362E+08  0.198362E+08  0.255104E+08  0.255091E+08
  0.890541E-04  0.198360E+08  0.198360E+08  0.254468E+08  0.254453E+08
  0.920725E-04  0.198359E+08  0.198359E+08  0.253789E+08  0.253773E+08
  0.951934E-04  0.198358E+08  0.198358E+08  0.253065E+08  0.253048E+08
  0.984199E-04  0.198356E+08  0.198356E+08  0.252293E+08  0.252275E+08
  0.101756E-03  0.198354E+08  0.198354E+08  0.251470E+08  0.251451E+08
  0.105205E-03  0.198353E+08  0.198353E+08  0.250593E+08  0.250573E+08
  0.108771E-03  0.198351E+08  0.198351E+08  0.249659E+08  0.249638E+08
  0.112458E-03  0.198349E+08  0.198349E+08  0.248664E+08  0.248642E+08
  0.116269E-03  0.198347E+08  0.198347E+08  0.247605E+08  0.247581E+08
  0.120210E-03  0.198344E+08  0.198344E+08  0.246477E+08  0.246451E+08
  0.124285E-03  0.198342E+08  0.198342E+08  0.245276E+08  0.245249E+08
  0.128498E-03  0.198339E+08  0.198339E+08  0.243999E+08  0.243970E+08
  0.132853E-03  0.198337E+08  0.198337E+08  0.242640E+08  0.242610E+08
  0.137356E-03  0.198334E+08  0.198334E+08  0.241195E+08  0.241163E+08
  0.142012E-03  0.198330E+08  0.198330E+08  0.239660E+08  0.239626E+08
  0.146825E-03  0.198327E+08  0.198327E+08  0.238028E+08  0.237992E+08
  0.151802E-03  0.198324E+08  0.198323E+08  0.236295E+08  0.236257E+08
  0.156947E-03  0.198320E+08  0.198320E+08  0.234456E+08  0.234415E+08
  0.162267E-03  0.198316E+08  0.198316E+08  0.232504E+08  0.232461E+08
  0.167767E-03  0.198311E+08  0.198311E+08  0.230434E+08  0.230389E+08
  0.173454E-03  0.198306E+08  0.198306E+08  0.228240E+08  0.228193E+08
  0.179333E-03  0.198301E+08  0.198301E+08  0.225916E+08  0.225866E+08
  0.185411E-03  0.198296E+08  0.198296E+08  0.223456E+08  0.223403E+08
  0.191696E-03  0.198290E+08  0.198290E+08  0.220854E+08  0.220798E+08
  0.198193E-03  0.198284E+08  0.198284E+08  0.218103E+08  0.218044E+08
  0.204911E-03  0.198278E+08  0.198278E+08  0.215197E+08  0.215135E+08
  0.211857E-03  0.198271E+08  0.198271E+08  0.212130E+08  0.212065E+08
  0.219038E-03  0.198264E+08  0.198263E+08  0.208896E+08  0.208829E+08
  0.226462E-03  0.198256E+08  0.198256E+08  0.205490E+08  0.205419E+08
  0.234138E-03  0.198247E+08  0.198247E+08  0.201905E+08  0.201831E+08
  0.242074E-03  0.198238E+08  0.198238E+08  0.198137E+08  0.198060E+08
  0.250279E-03  0.198229E+08  0.198229E+08  0.194181E+08  0.194101E+08
  0.258762E-03  0.198218E+08  0.198218E+08  0.190033E+08  0.189951E+08
  0.267533E-03  0.198207E+08  0.198207E+08  0.185690E+08  0.185605E+08
  0.276601E-03  0.198196E+08  0.198196E+08  0.181150E+08  0.181061E+08
  0.285977E-03  0.198183E+08  0.198183E+08  0.176410E+08  0.176319E+08
  0.295670E-03  0.198170E+08  0.198170E+08  0.171471E+08  0.171378E+08
  0.305692E-03  0.198156E+08  0.198156E+08  0.166334E+08  0.166239E+08
  0.316053E-03  0.198141E+08  0.198141E+08  0.161002E+08  0.160905E+08
  0.326766E-03  0.198125E+08  0.198125E+08  0.155479E+08  0.155380E+08
  0.337841E-03  0.198108E+08  0.198108E+08  0.149771E+08  0.149672E+08
  0.349293E-03  0.198090E+08  0.198090E+08  0.143888E+08  0.143788E+08
  0.361132E-03  0.198071E+08  0.198071E+08  0.137840E+08  0.137740E+08
  0.373373E-03  0.198051E+08  0.198050E+08  0.131641E+08  0.131541E+08
  0.386028E-03  0.198029E+08  0.198029E+08  0.125307E+08  0.125209E+08
  0.399113E-03  0.198006E+08  0.198005E+08  0.118858E+08  0.118761E+08
  0.412641E-03  0.197981E+08  0.197981E+08  0.112315E+08  0.112222E+08
  0.426627E-03  0.197955E+08  0.197955E+08  0.105705E+08  0.105615E+08
  0.441088E-03  0.197927E+08  0.197927E+08  0.990554E+07  0.989700E+07
  0.456038E-03  0.197897E+08  0.197897E+08  0.923985E+07  0.923185E+07
  0.471496E-03  0.197866E+08  0.197866E+08  0.857690E+07  0.856952E+07
  0.487477E-03  0.197833E+08  0.197833E+08  0.792042E+07  0.791376E+07
  0.504000E-03  0.197798E+08  0.197797E+08  0.727441E+07  0.726856E+07
  0.521083E-03  0.197760E+08  0.197760E+08  0.664304E+07  0.663807E+07
  0.538746E-03  0.197721E+08  0.197720E+08  0.603062E+07  0.602659E+07
  0.557006E-03  0.197679E+08  0.197678E+08  0.544149E+07  0.543846E+07
  0.575886E-03  0.197634E+08  0.197634E+08  0.487997E+07  0.487798E+07
  0.595406E-03  0.197587E+08  0.197587E+08  0.435018E+07  0.434924E+07
  0.615587E-03  0.197537E+08  0.197537E+08  0.385599E+07  0.385609E+07
  0.636453E-03  0.197484E+08  0.197484E+08  0.340082E+07  0.340193E+07
  0.658025E-03  0.197429E+08  0.197428E+08  0.298753E+07  0.298957E+07
  0.680329E-03  0.197370E+08  0.197369E+08  0.261825E+07  0.262112E+07
  0.703389E-03  0.197308E+08  0.197307E+08  0.229424E+07  0.229780E+07
  0.727231E-03  0.197242E+08  0.197242E+08  0.201575E+07  0.201983E+07
  0.751880E-03  0.197173E+08  0.197172E+08  0.178193E+07  0.178633E+07
  0.777365E-03  0.197100E+08  0.197099E+08  0.159075E+07  0.159524E+07
  0.803714E-03  0.197023E+08  0.197023E+08  0.143897E+07  0.144332E+07
  0.830956E-03  0.196942E+08  0.196942E+08  0.132220E+07  0.132616E+07
  0.859121E-03  0.196857E+08  0.196856E+08  0.123501E+07  0.123835E+07
  0.888241E-03  0.196767E+08  0.196767E+08  0.117113E+07  0.117365E+07
  0.918348E-03  0.196673E+08  0.196672E+08  0.112375E+07  0.112529E+07
  0.949476E-03  0.196574E+08  0.196573E+08  0.108587E+07  0.108633E+07
  0.981659E-03  0.196470E+08  0.196469E+08  0.105075E+07  0.105012E+07
  0.101493E-02  0.196360E+08  0.196359E+08  0.101238E+07  0.101071E+07
  0.104933E-02  0.196245E+08  0.196244E+08  0.965956E+06  0.963397E+06
  0.108490E-02  0.196124E+08  0.196123E+08  0.908295E+06  0.905075E+06
  0.112167E-02  0.195997E+08  0.195996E+08  0.838178E+06  0.834585E+06
  0.115969E-02  0.195864E+08  0.195863E+08  0.756492E+06  0.752840E+06
  0.119900E-02  0.195725E+08  0.195723E+08  0.666160E+06  0.662753E+06
  0.123964E-02  0.195579E+08  0.195577E+08  0.571818E+06  0.568900E+06
  0.128166E-02  0.195425E+08  0.195423E+08  0.479223E+06  0.476929E+06
  0.132510E-02  0.195265E+08  0.195263E+08  0.394439E+06  0.392752E+06
  0.137001E-02  0.195096E+08  0.195094E+08  0.322875E+06  0.321604E+06
  0.141645E-02  0.194920E+08  0.194918E+08  0.268326E+06  0.267108E+06
  0.146446E-02  0.194736E+08  0.194733E+08  0.232194E+06  0.230529E+06
  0.151410E-02  0.194543E+08  0.194540E+08  0.213064E+06  0.210392E+06
  0.156542E-02  0.194341E+08  0.194338E+08  0.206816E+06  0.202620E+06
  0.161848E-02  0.194129E+08  0.194126E+08  0.207328E+06  0.201253E+06
  0.167334E-02  0.193909E+08  0.193905E+08  0.207740E+06  0.199701E+06
  0.173006E-02  0.193678E+08  0.193674E+08  0.202038E+06  0.192286E+06
  0.178870E-02  0.193437E+08  0.193433E+08  0.186607E+06  0.175725E+06
  0.184933E-02  0.193185E+08  0.193181E+08  0.161276E+06  0.150090E+06
  0.191201E-02  0.192922E+08  0.192918E+08  0.129448E+06  0.118857E+06
  0.197682E-02  0.192648E+08  0.192643E+08  0.970941E+05  0.878626E+05
  0.204382E-02  0.192361E+08  0.192356E+08  0.707496E+05  0.633143E+05
  0.211310E-02  0.192062E+08  0.192057E+08  0.550923E+05  0.494645E+05
  0.218472E-02  0.191751E+08  0.191746E+08  0.509918E+05  0.467990E+05
  0.225877E-02  0.191426E+08  0.191421E+08  0.549566E+05  0.516247E+05
  0.233533E-02  0.191088E+08  0.191082E+08  0.604854E+05  0.574901E+05
  0.241449E-02  0.190736E+08  0.190729E+08  0.610094E+05  0.580758E+05
  0.249633E-02  0.190369E+08  0.190362E+08  0.531872E+05  0.503149E+05
  0.258094E-02  0.189987E+08  0.189979E+08  0.387908E+05  0.360690E+05
  0.266842E-02  0.189589E+08  0.189581E+08  0.238208E+05  0.211363E+05
  0.275887E-02  0.189176E+08  0.189167E+08  0.149100E+05  0.117698E+05
  0.285238E-02  0.188746E+08  0.188737E+08  0.149282E+05  0.106113E+05
  0.294907E-02  0.188299E+08  0.188289E+08  0.207607E+05  0.148121E+05
  0.304902E-02  0.187835E+08  0.187824E+08  0.253054E+05  0.180811E+05
  0.315237E-02  0.187352E+08  0.187341E+08  0.228180E+05  0.156064E+05
  0.325922E-02  0.186852E+08  0.186840E+08  0.136459E+05  0.808082E+04
  0.336969E-02  0.186332E+08  0.186319E+08  0.401852E+04  0.105150E+04
  0.348391E-02  0.185792E+08  0.185779E+08  0.336375E+03 -0.447306E+03
  0.360200E-02  0.185233E+08  0.185219E+08  0.291325E+04  0.285953E+04
  0.372409E-02  0.184653E+08  0.184638E+08  0.579105E+04  0.510434E+04
  0.385031E-02  0.184052E+08  0.184036E+08  0.363735E+04  0.188119E+04
  0.398082E-02  0.183430E+08  0.183412E+08 -0.175575E+04 -0.439499E+04
  0.411575E-02  0.182785E+08  0.182766E+08 -0.387987E+04 -0.745842E+04
  0.425526E-02  0.182117E+08  0.182098E+08 -0.714573E+03 -0.551165E+04
  0.439949E-02  0.181426E+08  0.181405E+08  0.189606E+04 -0.359269E+04
  0.454861E-02  0.180712E+08  0.180689E+08 -0.105669E+04 -0.579392E+04
  0.470279E-02  0.179973E+08  0.179949E+08 -0.536717E+04 -0.884638E+04
  0.486219E-02  0.179209E+08  0.179184E+08 -0.422985E+04 -0.808870E+04
  0.502699E-02  0.178420E+08  0.178393E+08 -0.319286E+03 -0.610685E+04
  0.519738E-02  0.177604E+08  0.177576E+08 -0.118152E+04 -0.767299E+04
  0.537355E-02  0.176763E+08  0.176732E+08 -0.462050E+04 -0.982107E+04
  0.555568E-02  0.175894E+08  0.175861E+08 -0.307735E+04 -0.780504E+04
  0.574399E-02  0.174997E+08  0.174962E+08  0.185699E+03 -0.554471E+04
  0.593869E-02  0.174073E+08  0.174036E+08 -0.170129E+04 -0.686857E+04
  0.613998E-02  0.173119E+08  0.173080E+08 -0.365200E+04 -0.695295E+04
  0.634810E-02  0.172137E+08  0.172095E+08 -0.184615E+04 -0.498033E+04
  0.656327E-02  0.171124E+08  0.171080E+08 -0.279552E+04 -0.575834E+04
  0.678573E-02  0.170082E+08  0.170034E+08 -0.436654E+04 -0.595754E+04
  0.701573E-02  0.169008E+08  0.168958E+08 -0.175265E+04 -0.405314E+04
  0.725353E-02  0.167903E+08  0.167849E+08 -0.196652E+04 -0.517673E+04
  0.749939E-02  0.166766E+08  0.166709E+08 -0.330930E+04 -0.561468E+04
  0.775358E-02  0.165597E+08  0.165536E+08 -0.175801E+04 -0.466612E+04
  0.801639E-02  0.164395E+08  0.164330E+08 -0.224993E+04 -0.540584E+04
  0.828811E-02  0.163159E+08  0.163090E+08 -0.139613E+04 -0.439462E+04
  0.856903E-02  0.161889E+08  0.161816E+08 -0.140147E+04 -0.476426E+04
  0.885948E-02  0.160585E+08  0.160507E+08 -0.162602E+04 -0.430694E+04
  0.915977E-02  0.159245E+08  0.159163E+08 -0.139311E+04 -0.348755E+04
  0.947025E-02  0.157870E+08  0.157783E+08 -0.256512E+04 -0.333830E+04
  0.979124E-02  0.156459E+08  0.156366E+08 -0.100875E+04 -0.295957E+04
  0.101231E-01  0.155011E+08  0.154913E+08 -0.171393E+04 -0.294936E+04
  0.104662E-01  0.153526E+08  0.153422E+08 -0.108604E+04 -0.253882E+04
  0.108210E-01  0.152004E+08  0.151893E+08 -0.140231E+04 -0.286830E+04
  0.111878E-01  0.150443E+08  0.150326E+08 -0.510009E+03 -0.282509E+04
  0.115670E-01  0.148844E+08  0.148720E+08 -0.107253E+04 -0.238323E+04
  0.119590E-01  0.147206E+08  0.147075E+08 -0.111762E+04 -0.260337E+04
  0.123644E-01  0.145529E+08  0.145390E+08 -0.108457E+04 -0.188564E+04
  0.127835E-01  0.143812E+08  0.143665E+08 -0.829999E+03 -0.177354E+04
  0.132168E-01  0.142054E+08  0.141899E+08 -0.888862E+03 -0.174923E+04
  0.136648E-01  0.140257E+08  0.140093E+08 -0.380351E+03 -0.142404E+04
  0.141279E-01  0.138418E+08  0.138245E+08 -0.660368E+03 -0.164447E+04
  0.146068E-01  0.136539E+08  0.136356E+08 -0.811048E+03 -0.169083E+04
  0.151019E-01  0.134618E+08  0.134426E+08 -0.537401E+03 -0.138291E+04
  0.156138E-01  0.132656E+08  0.132454E+08 -0.450286E+03 -0.114349E+04
  0.161430E-01  0.130654E+08  0.130440E+08 -0.610538E+03 -0.957711E+03
  0.166902E-01  0.128610E+08  0.128385E+08 -0.325633E+03 -0.108557E+04
  0.172559E-01  0.126525E+08  0.126289E+08 -0.602583E+03 -0.104271E+04
  0.178408E-01  0.124400E+08  0.124153E+08 -0.367922E+03 -0.106252E+04
  0.184455E-01  0.122236E+08  0.121976E+08 -0.150395E+03 -0.847034E+03
  0.190707E-01  0.120032E+08  0.119760E+08 -0.195880E+03 -0.705293E+03
  0.197171E-01  0.117790E+08  0.117506E+08 -0.106904E+03 -0.633678E+03
  0.203855E-01  0.115511E+08  0.115214E+08 -0.412359E+03 -0.645684E+03
  0.210764E-01  0.113197E+08  0.112888E+08 -0.191692E+03 -0.701834E+03
  0.217908E-01  0.110849E+08  0.110527E+08 -0.134134E+03 -0.551995E+03
  0.225294E-01  0.108470E+08  0.108135E+08 -0.109588E+03 -0.463098E+03
  0.232930E-01  0.106062E+08  0.105713E+08 -0.281482E+03 -0.489942E+03
  0.240826E-01  0.103627E+08  0.103266E+08 -0.175747E+03 -0.456106E+03
  0.248988E-01  0.101169E+08  0.100795E+08 -0.138623E+03 -0.358998E+03
  0.257428E-01  0.986908E+07  0.983053E+07 -0.210712E+03 -0.328956E+03
  0.266154E-01  0.961976E+07  0.958006E+07 -0.778644E+02 -0.354408E+03
  0.275175E-01  0.936935E+07  0.932856E+07 -0.980404E+02 -0.314993E+03
  0.284502E-01  0.911834E+07  0.907655E+07 -0.126206E+03 -0.246455E+03
  0.294145E-01  0.886728E+07  0.882458E+07 -0.351787E+02 -0.200549E+03
  0.304115E-01  0.861678E+07  0.857327E+07 -0.373263E+02 -0.261237E+03
  0.314423E-01  0.836747E+07  0.832329E+07 -0.136024E+03 -0.178895E+03
  0.325081E-01  0.812002E+07  0.807531E+07 -0.325584E+02 -0.176541E+03
  0.336099E-01  0.787516E+07  0.783008E+07 -0.869184E+02 -0.195335E+03
  0.347491E-01  0.763363E+07  0.758836E+07 -0.577310E+02 -0.131733E+03
  0.359270E-01  0.739618E+07  0.735091E+07 -0.589777E+02 -0.127442E+03
  0.371447E-01  0.716358E+07  0.711852E+07 -0.265054E+02 -0.142819E+03
  0.384037E-01  0.693657E+07  0.689195E+07 -0.595096E+02 -0.931274E+02
  0.397054E-01  0.671589E+07  0.667193E+07 -0.450120E+02 -0.119428E+03
  0.410513E-01  0.650219E+07  0.645914E+07 -0.317289E+02 -0.937694E+02
  0.424427E-01  0.629610E+07  0.625418E+07 -0.475652E+02 -0.941388E+02
  0.438813E-01  0.609811E+07  0.605757E+07 -0.409856E+02 -0.714451E+02
  0.453687E-01  0.590861E+07  0.586967E+07 -0.465135E+02 -0.634061E+02
  0.469064E-01  0.572783E+07  0.569072E+07 -0.220124E+02 -0.733939E+02
  0.484963E-01  0.555585E+07  0.552074E+07 -0.249294E+02 -0.491525E+02
  0.501401E-01  0.539252E+07  0.535959E+07 -0.411528E+02 -0.584352E+02
  0.518396E-01  0.523752E+07  0.520688E+07 -0.332937E+02 -0.419981E+02
  0.535967E-01  0.509027E+07  0.506200E+07 -0.145179E+02 -0.432664E+02
  0.554134E-01  0.494998E+07  0.492411E+07 -0.851073E+01 -0.467135E+02
  0.572917E-01  0.481565E+07  0.479215E+07 -0.268581E+02 -0.251649E+02
  0.592336E-01  0.468606E+07  0.466485E+07 -0.141869E+02 -0.367853E+02
  0.612413E-01  0.455986E+07  0.454078E+07 -0.205844E+02 -0.314428E+02
  0.633171E-01  0.443559E+07  0.441842E+07 -0.664456E+01 -0.235559E+02
  0.654632E-01  0.431174E+07  0.429623E+07 -0.162676E+02 -0.292707E+02
  0.676821E-01  0.418689E+07  0.417270E+07 -0.121828E+02 -0.223298E+02
  0.699762E-01  0.405976E+07  0.404655E+07 -0.732025E+01 -0.174482E+02
  0.723480E-01  0.392933E+07  0.391672E+07 -0.139573E+02 -0.172414E+02
  0.748003E-01  0.379496E+07  0.378260E+07 -0.760969E+01 -0.204159E+02
  0.773356E-01  0.365650E+07  0.364403E+07 -0.113669E+02 -0.168631E+02
  0.799569E-01  0.351432E+07  0.350144E+07 -0.121684E+02 -0.132347E+02
  0.826671E-01  0.336938E+07  0.335587E+07 -0.405649E+01 -0.104225E+02
  0.854691E-01  0.322322E+07  0.320894E+07 -0.475911E+01 -0.773455E+01
  0.883661E-01  0.307787E+07  0.306281E+07 -0.148673E+01 -0.798079E+01
  0.913613E-01  0.293574E+07  0.291999E+07 -0.233695E+01 -0.787064E+01
  0.944580E-01  0.279938E+07  0.278315E+07  0.140849E+01 -0.734673E+01
  0.976596E-01  0.267125E+07  0.265484E+07 -0.459902E+00 -0.602916E+01
  0.100970E+00  0.255337E+07  0.253716E+07 -0.319857E+01 -0.479552E+01
  0.104392E+00  0.244709E+07  0.243148E+07 -0.183684E+01 -0.423229E+01
  0.107931E+00  0.235275E+07  0.233813E+07 -0.232416E+01 -0.387334E+01
  0.111589E+00  0.226959E+07  0.225626E+07 -0.308542E+01 -0.502249E+01
  0.115371E+00  0.219568E+07  0.218385E+07 -0.113416E+01 -0.455010E+01
  0.119282E+00  0.212811E+07  0.211782E+07 -0.235424E+01 -0.414749E+01
  0.123325E+00  0.206335E+07  0.205447E+07 -0.158574E+01 -0.250541E+01
  0.127505E+00  0.199777E+07  0.199003E+07 -0.672344E+00 -0.301124E+01
  0.131827E+00  0.192829E+07  0.192131E+07 -0.273953E+01 -0.290359E+01
  0.136295E+00  0.185301E+07  0.184634E+07 -0.132955E+01 -0.175206E+01
  0.140915E+00  0.177165E+07  0.176489E+07 -0.334472E+00 -0.231306E+01
  0.145691E+00  0.168577E+07  0.167863E+07 -0.150946E+01 -0.147454E+01
  0.150629E+00  0.159852E+07  0.159088E+07 -0.987406E+00 -0.207023E+01
  0.155735E+00  0.151400E+07  0.150594E+07  0.167559E+00 -0.170086E+01
  0.161014E+00  0.143625E+07  0.142802E+07 -0.116749E+01 -0.897163E+00
  0.166471E+00  0.136819E+07  0.136015E+07 -0.271603E+00 -0.120708E+01
  0.172114E+00  0.131067E+07  0.130319E+07  0.314667E+00 -0.130610E+01
  0.177947E+00  0.126214E+07  0.125547E+07 -0.168587E+00 -0.106736E+01
  0.183979E+00  0.121898E+07  0.121319E+07 -0.570356E+00 -0.103237E+01
  0.190215E+00  0.117664E+07  0.117161E+07 -0.297124E-02 -0.676967E+00
  0.196662E+00  0.113118E+07  0.112661E+07 -0.530421E+00 -0.707888E+00
  0.203328E+00  0.108074E+07  0.107630E+07 -0.144786E+00 -0.714517E+00
  0.210220E+00  0.102627E+07  0.102170E+07 -0.386354E+00 -0.664698E+00
  0.217345E+00  0.971129E+06  0.966351E+06 -0.221539E+00 -0.432491E+00
  0.224712E+00  0.919579E+06  0.914712E+06 -0.346185E+00 -0.341706E+00
  0.232329E+00  0.874768E+06  0.870050E+06 -0.917683E-01 -0.450882E+00
  0.240204E+00  0.837173E+06  0.832835E+06 -0.269146E+00 -0.205975E+00
  0.248346E+00  0.804395E+06  0.800537E+06 -0.169373E+00 -0.363501E+00
  0.256763E+00  0.772553E+06  0.769099E+06 -0.195051E+00 -0.298670E+00
  0.265466E+00  0.738562E+06  0.735320E+06 -0.117259E+00 -0.178941E+00
  0.274464E+00  0.701945E+06  0.698732E+06 -0.447233E-01 -0.139890E+00
  0.283767E+00  0.664929E+06  0.661681E+06 -0.842826E-01 -0.109705E+00
  0.293386E+00  0.630681E+06  0.627477E+06 -0.932288E-01 -0.112451E+00
  0.303330E+00  0.600920E+06  0.597898E+06 -0.233597E-01 -0.145952E+00
  0.313611E+00  0.574720E+06  0.571959E+06 -0.131342E+00 -0.152286E+00
  0.324241E+00  0.549507E+06  0.546970E+06 -0.124737E+00 -0.129659E+00
  0.335232E+00  0.523384E+06  0.520964E+06 -0.364740E-01 -0.131133E+00
  0.346594E+00  0.496673E+06  0.494296E+06 -0.590526E-01 -0.786354E-01
  0.358342E+00  0.471244E+06  0.468927E+06 -0.334645E-01 -0.945571E-01
  0.370488E+00  0.448394E+06  0.446202E+06 -0.678073E-01 -0.103352E+00
  0.383046E+00  0.427572E+06  0.425535E+06 -0.631218E-01 -0.108505E+00
  0.396029E+00  0.407276E+06  0.405361E+06 -0.273393E-01 -0.687014E-01
  0.409453E+00  0.386901E+06  0.385060E+06 -0.237619E-01 -0.321634E-01
  0.423331E+00  0.367215E+06  0.365439E+06 -0.102611E-01 -0.664159E-01
  0.437680E+00  0.349036E+06  0.347351E+06 -0.237438E-01 -0.397632E-01
  0.452515E+00  0.332112E+06  0.330529E+06 -0.279990E-01 -0.643217E-01
  0.467853E+00  0.315695E+06  0.314195E+06 -0.143461E-01 -0.519437E-01
  0.483711E+00  0.299693E+06  0.298256E+06 -0.146754E-01 -0.481488E-01
  0.500107E+00  0.284560E+06  0.283192E+06 -0.141175E-01 -0.383572E-01
  0.517058E+00  0.270377E+06  0.269085E+06 -0.998860E-02 -0.173345E-01
  0.534584E+00  0.256797E+06  0.255572E+06 -0.906891E-02 -0.353223E-01
  0.552703E+00  0.243722E+06  0.242555E+06 -0.767162E-02 -0.300445E-01
  0.571437E+00  0.231329E+06  0.230221E+06 -0.639428E-02 -0.223783E-01
  0.590806E+00  0.219600E+06  0.218550E+06 -0.644451E-02 -0.251696E-01
  0.610832E+00  0.208383E+06  0.207386E+06 -0.649311E-02 -0.928171E-02
  0.631536E+00  0.197690E+06  0.196744E+06 -0.503887E-02 -0.208053E-01
  0.652942E+00  0.187552E+06  0.186655E+06 -0.504201E-02 -0.949863E-02
  0.675073E+00  0.177898E+06  0.177048E+06 -0.407978E-02 -0.111559E-01
  0.697955E+00  0.168706E+06  0.167899E+06 -0.374114E-02 -0.108944E-01
  0.721612E+00  0.159978E+06  0.159213E+06 -0.334025E-02 -0.501079E-03
  0.746072E+00  0.151676E+06  0.150951E+06 -0.294995E-02 -0.451557E-02
  0.771360E+00  0.143783E+06  0.143095E+06 -0.266338E-02 -0.517613E-02
  0.797505E+00  0.136285E+06  0.135633E+06 -0.236933E-02 -0.212422E-02
  0.824537E+00  0.129158E+06  0.128541E+06 -0.210314E-02 -0.780976E-02
  0.852484E+00  0.122388E+06  0.121803E+06 -0.185834E-02 -0.842070E-02
  0.881379E+00  0.115958E+06  0.115404E+06 -0.165291E-02 -0.589082E-02
  0.911254E+00  0.109852E+06  0.109327E+06 -0.145899E-02 -0.361252E-02
  0.942141E+00  0.104054E+06  0.103557E+06 -0.128626E-02 -0.172152E-03
  0.974075E+00  0.985506E+05  0.980796E+05 -0.114618E-02 -0.566167E-03
  0.100709E+01  0.933265E+05  0.928806E+05 -0.101308E-02 -0.434316E-02
  0.104123E+01  0.883686E+05  0.879463E+05 -0.897728E-03 -0.264059E-02
  0.107652E+01  0.836639E+05  0.832642E+05 -0.795163E-03 -0.255263E-02
  0.111301E+01  0.792004E+05  0.788220E+05 -0.704293E-03 -0.224946E-02
  0.115073E+01  0.749664E+05  0.746083E+05 -0.623544E-03 -0.165275E-02
  0.118974E+01  0.709511E+05  0.706121E+05 -0.551965E-03 -0.258108E-02
  0.123006E+01  0.671435E+05  0.668227E+05 -0.488705E-03 -0.264749E-02
  0.127176E+01  0.635333E+05  0.632297E+05 -0.432598E-03 -0.938314E-03
  0.131486E+01  0.601105E+05  0.598233E+05 -0.382897E-03 -0.133850E-02
  0.135943E+01  0.568659E+05  0.565943E+05 -0.338882E-03 -0.155264E-02
  0.140551E+01  0.537911E+05  0.535341E+05 -0.299892E-03  0.122053E-04
  0.145315E+01  0.508774E+05  0.506344E+05 -0.265372E-03 -0.299876E-03
  0.150240E+01  0.481168E+05  0.478870E+05 -0.234775E-03  0.166844E-03
  0.155333E+01  0.455014E+05  0.452840E+05 -0.207693E-03  0.170096E-03
  0.160598E+01  0.430238E+05  0.428183E+05 -0.183721E-03  0.511907E-05
  0.166041E+01  0.406773E+05  0.404830E+05 -0.162507E-03  0.150237E-03
  0.171669E+01  0.384552E+05  0.382715E+05 -0.143724E-03 -0.137646E-03
  0.177488E+01  0.363510E+05  0.361774E+05 -0.127097E-03 -0.617156E-03
  0.183504E+01  0.343588E+05  0.341947E+05 -0.112379E-03 -0.652173E-03
  0.189724E+01  0.324729E+05  0.323178E+05 -0.993634E-04 -0.489067E-03
  0.196155E+01  0.306878E+05  0.305412E+05 -0.878416E-04 -0.281774E-03
  0.202803E+01  0.289982E+05  0.288597E+05 -0.776520E-04  0.776398E-04
  0.209677E+01  0.273992E+05  0.272683E+05 -0.686381E-04 -0.397205E-03
  0.216784E+01  0.258861E+05  0.257625E+05 -0.606675E-04 -0.211285E-03
  0.224132E+01  0.244546E+05  0.243378E+05 -0.536165E-04 -0.383925E-03
  0.231729E+01  0.231003E+05  0.229900E+05 -0.473792E-04 -0.206069E-03
  0.239584E+01  0.218192E+05  0.217149E+05 -0.418668E-04 -0.115231E-03
  0.247704E+01  0.206074E+05  0.205090E+05 -0.369908E-04 -0.137039E-03
  0.256100E+01  0.194614E+05  0.193684E+05 -0.326802E-04 -0.241360E-04
  0.264781E+01  0.183777E+05  0.182899E+05 -0.288707E-04 -0.182410E-03
  0.273756E+01  0.173529E+05  0.172700E+05 -0.255027E-04  0.433667E-04
  0.283035E+01  0.163841E+05  0.163058E+05 -0.225257E-04 -0.118473E-03
  0.292628E+01  0.154682E+05  0.153943E+05 -0.198948E-04  0.248706E-04
  0.302547E+01  0.146023E+05  0.145326E+05 -0.175696E-04 -0.143558E-03
  0.312802E+01  0.137840E+05  0.137181E+05 -0.155155E-04 -0.592210E-05
  0.323404E+01  0.130106E+05  0.129484E+05 -0.137004E-04 -0.438419E-04
  0.334366E+01  0.122797E+05  0.122210E+05 -0.120966E-04 -0.385380E-04
  0.345699E+01  0.115891E+05  0.115337E+05 -0.106801E-04 -0.656362E-04
  0.357417E+01  0.109366E+05  0.108843E+05 -0.942864E-05  0.159891E-04
  0.369532E+01  0.103201E+05  0.102708E+05 -0.832337E-05 -0.352605E-04
  0.382057E+01  0.973771E+04  0.969117E+04 -0.734712E-05  0.333281E-04
  0.395007E+01  0.918757E+04  0.914365E+04 -0.648494E-05 -0.771796E-05
  0.408396E+01  0.866798E+04  0.862654E+04 -0.572358E-05 -0.473040E-04
  0.422238E+01  0.817721E+04  0.813811E+04 -0.505127E-05 -0.265596E-04
  0.436550E+01  0.771376E+04  0.767687E+04 -0.445766E-05  0.443044E-05
  0.451347E+01  0.727609E+04  0.724129E+04 -0.393352E-05  0.243026E-04
  0.466645E+01  0.686284E+04  0.683001E+04 -0.347084E-05 -0.277100E-04
  0.482462E+01  0.647264E+04  0.644167E+04 -0.306236E-05 -0.230168E-05
  0.498816E+01  0.610427E+04  0.607506E+04 -0.270180E-05 -0.214748E-05
  0.515723E+01  0.575650E+04  0.572895E+04 -0.238354E-05 -0.119366E-04
  0.533203E+01  0.542823E+04  0.540225E+04 -0.210266E-05  0.177102E-04
  0.551276E+01  0.511839E+04  0.509388E+04 -0.185475E-05 -0.926000E-05
  0.569962E+01  0.482594E+04  0.480283E+04 -0.163599E-05 -0.260078E-05
  0.589281E+01  0.454997E+04  0.452817E+04 -0.144296E-05  0.180020E-05
  0.609255E+01  0.428954E+04  0.426898E+04 -0.127262E-05 -0.137149E-04
  0.629905E+01  0.404379E+04  0.402441E+04 -0.112233E-05  0.106985E-04
  0.651256E+01  0.381192E+04  0.379364E+04 -0.989740E-06  0.293324E-05
  0.673331E+01  0.359315E+04  0.357592E+04 -0.872765E-06  0.809588E-05
  0.696153E+01  0.338676E+04  0.337052E+04 -0.769574E-06 -0.596482E-05
  0.719749E+01  0.319206E+04  0.317674E+04 -0.678550E-06 -0.685050E-05
  0.744145E+01  0.300839E+04  0.299395E+04 -0.598259E-06 -0.169966E-05
  0.769368E+01  0.283514E+04  0.282152E+04 -0.527442E-06  0.598480E-05
  0.795446E+01  0.267173E+04  0.265889E+04 -0.464982E-06 -0.907753E-06
  0.822408E+01  0.251761E+04  0.250551E+04 -0.409898E-06 -0.217089E-05
  0.850283E+01  0.237226E+04  0.236085E+04 -0.361322E-06 -0.870343E-06
  0.879104E+01  0.223519E+04  0.222444E+04 -0.318487E-06 -0.120425E-05
  0.908901E+01  0.210595E+04  0.209581E+04 -0.280717E-06  0.143823E-05
  0.939709E+01  0.198408E+04  0.197452E+04 -0.247414E-06  0.579925E-06
  0.971560E+01  0.186918E+04  0.186017E+04 -0.218052E-06  0.231858E-05
  0.100449E+02  0.176086E+04  0.175237E+04 -0.192166E-06 -0.237568E-05
  0.103854E+02  0.165874E+04  0.165073E+04 -0.169346E-06 -0.226238E-05
  0.107374E+02  0.156247E+04  0.155492E+04 -0.149228E-06 -0.246944E-05
  0.111013E+02  0.147172E+04  0.146460E+04 -0.131495E-06  0.200297E-05
  0.114776E+02  0.138617E+04  0.137947E+04 -0.115863E-06 -0.733353E-06
  0.118667E+02  0.130554E+04  0.129922E+04 -0.102085E-06  0.148063E-05
  0.122689E+02  0.122955E+04  0.122359E+04 -0.899413E-07 -0.391842E-06
  0.126847E+02  0.115793E+04  0.115231E+04 -0.792386E-07 -0.571010E-06
  0.131147E+02  0.109043E+04  0.108513E+04 -0.698067E-07 -0.109017E-05
  0.135592E+02  0.102683E+04  0.102183E+04 -0.614950E-07 -0.130581E-05
  0.140188E+02  0.966897E+03  0.962185E+03 -0.541707E-07 -0.633918E-06
  0.144940E+02  0.910427E+03  0.905984E+03 -0.477168E-07 -0.387934E-06
  0.149852E+02  0.857221E+03  0.853031E+03 -0.420302E-07 -0.283578E-06
  0.154932E+02  0.807091E+03  0.803139E+03 -0.370197E-07 -0.673640E-06
  0.160183E+02  0.759860E+03  0.756134E+03 -0.326051E-07 -0.992553E-07
  0.165613E+02  0.715364E+03  0.711849E+03 -0.287158E-07 -0.247863E-06
  0.171226E+02  0.673447E+03  0.670131E+03 -0.252894E-07  0.489256E-07
  0.177030E+02  0.633961E+03  0.630833E+03 -0.222709E-07 -0.310999E-06
  0.183030E+02  0.596768E+03  0.593817E+03 -0.196120E-07  0.176122E-06
  0.189234E+02  0.561739E+03  0.558954E+03 -0.172699E-07  0.277100E-06
  0.195648E+02  0.528745E+03  0.526118E+03 -0.152070E-07 -0.165807E-06
  0.202280E+02  0.497668E+03  0.495187E+03 -0.133898E-07  0.226628E-06
  0.209136E+02  0.468399E+03  0.466058E+03 -0.117893E-07 -0.256408E-07
  0.216225E+02  0.440839E+03  0.438629E+03 -0.103799E-07  0.271993E-06
  0.223554E+02  0.414885E+03  0.412798E+03 -0.913857E-08 -0.299182E-07
  0.231131E+02  0.390442E+03  0.388470E+03 -0.804533E-08 -0.566276E-08
  0.238965E+02  0.367427E+03  0.365565E+03 -0.708265E-08  0.401929E-07
  0.247065E+02  0.345759E+03  0.343999E+03 -0.623496E-08 -0.243305E-07
  0.255439E+02  0.325354E+03  0.323691E+03 -0.548848E-08  0.149185E-07
  0.264097E+02  0.306142E+03  0.304571E+03 -0.483120E-08  0.440651E-07
  0.273049E+02  0.288058E+03  0.286572E+03 -0.425251E-08 -0.537609E-07
  0.282304E+02  0.271029E+03  0.269624E+03 -0.374296E-08  0.686115E-07
  0.291873E+02  0.255000E+03  0.253670E+03 -0.329436E-08  0.111404E-06
  0.301766E+02  0.239911E+03  0.238653E+03 -0.289943E-08  0.354434E-07
  0.311994E+02  0.225705E+03  0.224514E+03 -0.255173E-08  0.289550E-07
  0.322569E+02  0.212335E+03  0.211207E+03 -0.224567E-08  0.892957E-08
  0.333503E+02  0.199749E+03  0.198681E+03 -0.197623E-08  0.426681E-07
  0.344807E+02  0.187903E+03  0.186890E+03 -0.173905E-08  0.619439E-07
  0.356494E+02  0.176754E+03  0.175794E+03 -0.153029E-08  0.417747E-07
  0.368578E+02  0.166260E+03  0.165349E+03 -0.134653E-08  0.195051E-07
  0.381071E+02  0.156385E+03  0.155521E+03 -0.118481E-08 -0.562498E-07
  0.393987E+02  0.147090E+03  0.146269E+03 -0.104246E-08 -0.100748E-07
  0.407341E+02  0.138344E+03  0.137565E+03 -0.917183E-09 -0.626365E-08
  0.421148E+02  0.130113E+03  0.129372E+03 -0.806925E-09  0.157692E-07
  0.435423E+02  0.122368E+03  0.121664E+03 -0.709901E-09 -0.176135E-07
  0.450182E+02  0.115080E+03  0.114409E+03 -0.624515E-09  0.165964E-07
  0.465441E+02  0.108222E+03  0.107584E+03 -0.549379E-09 -0.304420E-07
  0.481217E+02  0.101770E+03  0.101162E+03 -0.483265E-09 -0.175635E-07
  0.497528E+02  0.956983E+02  0.951184E+02 -0.425086E-09 -0.751158E-08
  0.514392E+02  0.899867E+02  0.894335E+02 -0.373901E-09  0.189929E-07
  0.531827E+02  0.846126E+02  0.840844E+02 -0.328863E-09 -0.334875E-08
  0.549853E+02  0.795564E+02  0.790517E+02 -0.289237E-09  0.828059E-08
  0.568491E+02  0.748002E+02  0.743177E+02 -0.254377E-09  0.148843E-08
  0.587760E+02  0.703257E+02  0.698639E+02 -0.223708E-09 -0.126866E-08
  0.607682E+02  0.661162E+02  0.656739E+02 -0.196727E-09 -0.782069E-08
  0.628279E+02  0.621564E+02  0.617324E+02 -0.172992E-09 -0.686439E-08
  0.649575E+02  0.584319E+02  0.580251E+02 -0.152114E-09 -0.859806E-08
  0.671592E+02  0.549285E+02  0.545378E+02 -0.133750E-09  0.410215E-08
  0.694356E+02  0.516330E+02  0.512575E+02 -0.117597E-09 -0.760486E-08
  0.717891E+02  0.485334E+02  0.481721E+02 -0.103389E-09  0.406835E-08
  0.742224E+02  0.456179E+02  0.452700E+02 -0.908929E-10 -0.332933E-08
  0.767382E+02  0.428759E+02  0.425405E+02 -0.799030E-10 -0.350308E-08
  0.793392E+02  0.402970E+02  0.399734E+02 -0.702379E-10 -0.301301E-08
  0.820285E+02  0.378717E+02  0.375591E+02 -0.617384E-10 -0.364045E-08
  0.848088E+02  0.355908E+02  0.352886E+02 -0.542642E-10 -0.735738E-09
  0.876834E+02  0.334458E+02  0.331533E+02 -0.476919E-10  0.320675E-08
  0.906555E+02  0.314286E+02  0.311452E+02 -0.419129E-10  0.230412E-08
  0.937282E+02  0.295316E+02  0.292568E+02 -0.368316E-10 -0.310342E-08
  0.969052E+02  0.277478E+02  0.274810E+02 -0.323641E-10 -0.213669E-08
  0.100190E+03  0.260705E+02  0.258113E+02 -0.284366E-10 -0.611518E-09
